(kicad_pcb (version 20171130) (host pcbnew "(5.0.0)")

  (general
    (thickness 1.6)
    (drawings 14)
    (tracks 678)
    (zones 0)
    (modules 80)
    (nets 161)
  )

  (page A4)
  (layers
    (0 F.Cu signal)
    (31 B.Cu signal)
    (32 B.Adhes user)
    (33 F.Adhes user)
    (34 B.Paste user)
    (35 F.Paste user)
    (36 B.SilkS user)
    (37 F.SilkS user)
    (38 B.Mask user)
    (39 F.Mask user)
    (40 Dwgs.User user)
    (41 Cmts.User user)
    (42 Eco1.User user)
    (43 Eco2.User user hide)
    (44 Edge.Cuts user)
    (45 Margin user)
    (46 B.CrtYd user hide)
    (47 F.CrtYd user hide)
    (48 B.Fab user hide)
    (49 F.Fab user hide)
  )

  (setup
    (last_trace_width 0.25)
    (trace_clearance 0.2)
    (zone_clearance 0.508)
    (zone_45_only no)
    (trace_min 0.1524)
    (segment_width 0.2)
    (edge_width 0.15)
    (via_size 0.6)
    (via_drill 0.4)
    (via_min_size 0.4)
    (via_min_drill 0.3)
    (uvia_size 0.3)
    (uvia_drill 0.1)
    (uvias_allowed no)
    (uvia_min_size 0.2)
    (uvia_min_drill 0.1)
    (pcb_text_width 0.3)
    (pcb_text_size 1.5 1.5)
    (mod_edge_width 0.15)
    (mod_text_size 1 1)
    (mod_text_width 0.15)
    (pad_size 1.524 1.524)
    (pad_drill 0.762)
    (pad_to_mask_clearance 0.2)
    (aux_axis_origin 85.09 45.085)
    (visible_elements 7FFFFFFF)
    (pcbplotparams
      (layerselection 0x00030_80000001)
      (usegerberextensions false)
      (usegerberattributes false)
      (usegerberadvancedattributes false)
      (creategerberjobfile false)
      (excludeedgelayer true)
      (linewidth 0.100000)
      (plotframeref false)
      (viasonmask false)
      (mode 1)
      (useauxorigin false)
      (hpglpennumber 1)
      (hpglpenspeed 20)
      (hpglpendiameter 15.000000)
      (psnegative false)
      (psa4output false)
      (plotreference true)
      (plotvalue true)
      (plotinvisibletext false)
      (padsonsilk false)
      (subtractmaskfromsilk false)
      (outputformat 1)
      (mirror false)
      (drillshape 1)
      (scaleselection 1)
      (outputdirectory ""))
  )

  (net 0 "")
  (net 1 V3)
  (net 2 PIO0_3)
  (net 3 PIO0_4)
  (net 4 PIO0_5)
  (net 5 PIO0_7)
  (net 6 PIO0_8)
  (net 7 GND)
  (net 8 PIO0_11)
  (net 9 PIO1_5)
  (net 10 PIO1_10)
  (net 11 PIO1_11)
  (net 12 PIO3_4)
  (net 13 PIO3_5)
  (net 14 "Net-(C103-Pad1)")
  (net 15 "Net-(C105-Pad1)")
  (net 16 "Net-(C106-Pad1)")
  (net 17 "Net-(C107-Pad1)")
  (net 18 V5_USB)
  (net 19 "Net-(CH340T_0-Pad1)")
  (net 20 TXD_USB)
  (net 21 RXD_USB)
  (net 22 "Net-(CH340T_0-Pad6)")
  (net 23 "Net-(CH340T_0-Pad7)")
  (net 24 /LayerController/LAYER_0_PWR)
  (net 25 /LayerController/LAYER_1_PWR)
  (net 26 /LayerController/LAYER_2_PWR)
  (net 27 /LayerController/LAYER_3_PWR)
  (net 28 /LayerController/LAYER_4_PWR)
  (net 29 /LayerController/LAYER_5_PWR)
  (net 30 /LayerController/LAYER_6_PWR)
  (net 31 /LayerController/LAYER_7_PWR)
  (net 32 SOUT)
  (net 33 LED_DATA_SCK)
  (net 34 LED_CH0_0)
  (net 35 LED_CH0_1)
  (net 36 LED_CH0_2)
  (net 37 LED_CH0_3)
  (net 38 LED_CH0_4)
  (net 39 LED_CH0_5)
  (net 40 LED_CH0_6)
  (net 41 LED_CH0_7)
  (net 42 LED_CH0_8)
  (net 43 LED_CH0_9)
  (net 44 LED_CH0_10)
  (net 45 LED_CH0_11)
  (net 46 LED_CH0_12)
  (net 47 LED_CH0_13)
  (net 48 LED_CH0_14)
  (net 49 LED_CH0_15)
  (net 50 BLANK)
  (net 51 XLAT)
  (net 52 LED_SIN)
  (net 53 VPRG)
  (net 54 XERR_CH0)
  (net 55 SOUT_CH0_CH1)
  (net 56 DCPRG)
  (net 57 "Net-(LED_CH0_CTRL0-Pad27)")
  (net 58 LED_CH1_0)
  (net 59 LED_CH1_1)
  (net 60 LED_CH1_2)
  (net 61 LED_CH1_3)
  (net 62 LED_CH1_4)
  (net 63 LED_CH1_5)
  (net 64 LED_CH1_6)
  (net 65 LED_CH1_7)
  (net 66 LED_CH1_8)
  (net 67 LED_CH1_9)
  (net 68 LED_CH1_10)
  (net 69 LED_CH1_11)
  (net 70 LED_CH1_12)
  (net 71 LED_CH1_13)
  (net 72 LED_CH1_14)
  (net 73 LED_CH1_15)
  (net 74 XERR_CH1)
  (net 75 SOUT_CH1_CH2)
  (net 76 "Net-(LED_CH1_CTRL0-Pad27)")
  (net 77 LED_CH2_0)
  (net 78 LED_CH2_1)
  (net 79 LED_CH2_2)
  (net 80 LED_CH2_3)
  (net 81 LED_CH2_4)
  (net 82 LED_CH2_5)
  (net 83 LED_CH2_6)
  (net 84 LED_CH2_7)
  (net 85 LED_CH2_8)
  (net 86 LED_CH2_9)
  (net 87 LED_CH2_10)
  (net 88 LED_CH2_11)
  (net 89 LED_CH2_12)
  (net 90 LED_CH2_13)
  (net 91 LED_CH2_14)
  (net 92 LED_CH2_15)
  (net 93 XERR_CH2)
  (net 94 SOUT_CH2_CH3)
  (net 95 "Net-(LED_CH2_CTRL0-Pad27)")
  (net 96 LED_CH3_0)
  (net 97 LED_CH3_1)
  (net 98 LED_CH3_2)
  (net 99 LED_CH3_3)
  (net 100 LED_CH3_4)
  (net 101 LED_CH3_5)
  (net 102 LED_CH3_6)
  (net 103 LED_CH3_7)
  (net 104 LED_CH3_8)
  (net 105 LED_CH3_9)
  (net 106 LED_CH3_10)
  (net 107 LED_CH3_11)
  (net 108 LED_CH3_12)
  (net 109 LED_CH3_13)
  (net 110 LED_CH3_14)
  (net 111 LED_CH3_15)
  (net 112 XERR_CH3)
  (net 113 "Net-(LED_CH3_CTRL0-Pad27)")
  (net 114 LAYER_2_ON)
  (net 115 AUX_SPI_SSEL)
  (net 116 _RESET)
  (net 117 WIRELESS_CSN)
  (net 118 LAYER_3_ON)
  (net 119 LAYER_4_ON)
  (net 120 AUX_SPI_SCK)
  (net 121 WIRELESS_IRQ)
  (net 122 LAYER_0_ON)
  (net 123 LAYER_1_ON)
  (net 124 LAYER_5_ON)
  (net 125 LAYER_6_ON)
  (net 126 AUX_SPI_MISO)
  (net 127 SWCLK)
  (net 128 LAYER_7_ON)
  (net 129 AUX_SPI_MOSI)
  (net 130 SWDIO)
  (net 131 V5_AUX)
  (net 132 V5)
  (net 133 "Net-(Q201-Pad3)")
  (net 134 "Net-(Q202-Pad3)")
  (net 135 "Net-(Q203-Pad3)")
  (net 136 "Net-(Q204-Pad3)")
  (net 137 "Net-(Q209-Pad3)")
  (net 138 "Net-(Q210-Pad3)")
  (net 139 "Net-(Q211-Pad3)")
  (net 140 "Net-(Q212-Pad3)")
  (net 141 ISP_ENTRY)
  (net 142 INPUT_MODE_SELECT)
  (net 143 "Net-(CH340T_0-Pad2)")
  (net 144 "Net-(CH340T_0-Pad11)")
  (net 145 "Net-(CH340T_0-Pad12)")
  (net 146 "Net-(CH340T_0-Pad13)")
  (net 147 "Net-(CH340T_0-Pad14)")
  (net 148 "Net-(CH340T_0-Pad15)")
  (net 149 "Net-(CH340T_0-Pad16)")
  (net 150 "Net-(CH340T_0-Pad17)")
  (net 151 "Net-(CH340T_0-Pad18)")
  (net 152 "Net-(CH340T_0-Pad20)")
  (net 153 "Net-(PWR_JACK0-Pad3)")
  (net 154 "Net-(SWDEBUG0-Pad6)")
  (net 155 "Net-(SWDEBUG0-Pad7)")
  (net 156 "Net-(SWDEBUG0-Pad8)")
  (net 157 XERR_MCU_CH1)
  (net 158 XERR_MCU_CH0)
  (net 159 XERR_MCU_CH2)
  (net 160 XERR_MCU_CH3)

  (net_class Default "This is the default net class."
    (clearance 0.2)
    (trace_width 0.25)
    (via_dia 0.6)
    (via_drill 0.4)
    (uvia_dia 0.3)
    (uvia_drill 0.1)
    (add_net AUX_SPI_MISO)
    (add_net AUX_SPI_MOSI)
    (add_net AUX_SPI_SCK)
    (add_net AUX_SPI_SSEL)
    (add_net BLANK)
    (add_net DCPRG)
    (add_net GND)
    (add_net INPUT_MODE_SELECT)
    (add_net ISP_ENTRY)
    (add_net LAYER_0_ON)
    (add_net LAYER_1_ON)
    (add_net LAYER_2_ON)
    (add_net LAYER_3_ON)
    (add_net LAYER_4_ON)
    (add_net LAYER_5_ON)
    (add_net LAYER_6_ON)
    (add_net LAYER_7_ON)
    (add_net LED_CH0_0)
    (add_net LED_CH0_1)
    (add_net LED_CH0_10)
    (add_net LED_CH0_11)
    (add_net LED_CH0_12)
    (add_net LED_CH0_13)
    (add_net LED_CH0_14)
    (add_net LED_CH0_15)
    (add_net LED_CH0_2)
    (add_net LED_CH0_3)
    (add_net LED_CH0_4)
    (add_net LED_CH0_5)
    (add_net LED_CH0_6)
    (add_net LED_CH0_7)
    (add_net LED_CH0_8)
    (add_net LED_CH0_9)
    (add_net LED_CH1_0)
    (add_net LED_CH1_1)
    (add_net LED_CH1_10)
    (add_net LED_CH1_11)
    (add_net LED_CH1_12)
    (add_net LED_CH1_13)
    (add_net LED_CH1_14)
    (add_net LED_CH1_15)
    (add_net LED_CH1_2)
    (add_net LED_CH1_3)
    (add_net LED_CH1_4)
    (add_net LED_CH1_5)
    (add_net LED_CH1_6)
    (add_net LED_CH1_7)
    (add_net LED_CH1_8)
    (add_net LED_CH1_9)
    (add_net LED_CH2_0)
    (add_net LED_CH2_1)
    (add_net LED_CH2_10)
    (add_net LED_CH2_11)
    (add_net LED_CH2_12)
    (add_net LED_CH2_13)
    (add_net LED_CH2_14)
    (add_net LED_CH2_15)
    (add_net LED_CH2_2)
    (add_net LED_CH2_3)
    (add_net LED_CH2_4)
    (add_net LED_CH2_5)
    (add_net LED_CH2_6)
    (add_net LED_CH2_7)
    (add_net LED_CH2_8)
    (add_net LED_CH2_9)
    (add_net LED_CH3_0)
    (add_net LED_CH3_1)
    (add_net LED_CH3_10)
    (add_net LED_CH3_11)
    (add_net LED_CH3_12)
    (add_net LED_CH3_13)
    (add_net LED_CH3_14)
    (add_net LED_CH3_15)
    (add_net LED_CH3_2)
    (add_net LED_CH3_3)
    (add_net LED_CH3_4)
    (add_net LED_CH3_5)
    (add_net LED_CH3_6)
    (add_net LED_CH3_7)
    (add_net LED_CH3_8)
    (add_net LED_CH3_9)
    (add_net LED_DATA_SCK)
    (add_net LED_SIN)
    (add_net "Net-(C103-Pad1)")
    (add_net "Net-(C105-Pad1)")
    (add_net "Net-(C106-Pad1)")
    (add_net "Net-(C107-Pad1)")
    (add_net "Net-(CH340T_0-Pad1)")
    (add_net "Net-(CH340T_0-Pad11)")
    (add_net "Net-(CH340T_0-Pad12)")
    (add_net "Net-(CH340T_0-Pad13)")
    (add_net "Net-(CH340T_0-Pad14)")
    (add_net "Net-(CH340T_0-Pad15)")
    (add_net "Net-(CH340T_0-Pad16)")
    (add_net "Net-(CH340T_0-Pad17)")
    (add_net "Net-(CH340T_0-Pad18)")
    (add_net "Net-(CH340T_0-Pad2)")
    (add_net "Net-(CH340T_0-Pad20)")
    (add_net "Net-(CH340T_0-Pad6)")
    (add_net "Net-(CH340T_0-Pad7)")
    (add_net "Net-(LED_CH0_CTRL0-Pad27)")
    (add_net "Net-(LED_CH1_CTRL0-Pad27)")
    (add_net "Net-(LED_CH2_CTRL0-Pad27)")
    (add_net "Net-(LED_CH3_CTRL0-Pad27)")
    (add_net "Net-(PWR_JACK0-Pad3)")
    (add_net "Net-(Q201-Pad3)")
    (add_net "Net-(Q202-Pad3)")
    (add_net "Net-(Q203-Pad3)")
    (add_net "Net-(Q204-Pad3)")
    (add_net "Net-(Q209-Pad3)")
    (add_net "Net-(Q210-Pad3)")
    (add_net "Net-(Q211-Pad3)")
    (add_net "Net-(Q212-Pad3)")
    (add_net "Net-(SWDEBUG0-Pad6)")
    (add_net "Net-(SWDEBUG0-Pad7)")
    (add_net "Net-(SWDEBUG0-Pad8)")
    (add_net PIO0_11)
    (add_net PIO0_3)
    (add_net PIO0_4)
    (add_net PIO0_5)
    (add_net PIO0_7)
    (add_net PIO0_8)
    (add_net PIO1_10)
    (add_net PIO1_11)
    (add_net PIO1_5)
    (add_net PIO3_4)
    (add_net PIO3_5)
    (add_net RXD_USB)
    (add_net SOUT)
    (add_net SOUT_CH0_CH1)
    (add_net SOUT_CH1_CH2)
    (add_net SOUT_CH2_CH3)
    (add_net SWCLK)
    (add_net SWDIO)
    (add_net TXD_USB)
    (add_net V3)
    (add_net VPRG)
    (add_net WIRELESS_CSN)
    (add_net WIRELESS_IRQ)
    (add_net XERR_CH0)
    (add_net XERR_CH1)
    (add_net XERR_CH2)
    (add_net XERR_CH3)
    (add_net XERR_MCU_CH0)
    (add_net XERR_MCU_CH1)
    (add_net XERR_MCU_CH2)
    (add_net XERR_MCU_CH3)
    (add_net XLAT)
    (add_net _RESET)
  )

  (net_class LED_PWR ""
    (clearance 0.3)
    (trace_width 0.4)
    (via_dia 0.6)
    (via_drill 0.4)
    (uvia_dia 0.3)
    (uvia_drill 0.1)
    (add_net /LayerController/LAYER_0_PWR)
    (add_net /LayerController/LAYER_1_PWR)
    (add_net /LayerController/LAYER_2_PWR)
    (add_net /LayerController/LAYER_3_PWR)
    (add_net /LayerController/LAYER_4_PWR)
    (add_net /LayerController/LAYER_5_PWR)
    (add_net /LayerController/LAYER_6_PWR)
    (add_net /LayerController/LAYER_7_PWR)
  )

  (net_class PWR ""
    (clearance 0.5)
    (trace_width 0.7)
    (via_dia 0.6)
    (via_drill 0.4)
    (uvia_dia 0.3)
    (uvia_drill 0.1)
    (add_net V5)
    (add_net V5_AUX)
    (add_net V5_USB)
  )

  (module Pin_Headers:Pin_Header_Straight_1x02_Pitch2.54mm (layer F.Cu) (tedit 59650532) (tstamp 5B55FCAE)
    (at 119.761 81.661)
    (descr "Through hole straight pin header, 1x02, 2.54mm pitch, single row")
    (tags "Through hole pin header THT 1x02 2.54mm single row")
    (path /5B6D773B)
    (fp_text reference XERR_CH3_BRIDGE0 (at 0 -2.33) (layer F.SilkS)
      (effects (font (size 1 1) (thickness 0.15)))
    )
    (fp_text value Conn_01x02 (at 0 4.87) (layer F.Fab)
      (effects (font (size 1 1) (thickness 0.15)))
    )
    (fp_text user %R (at 0 1.27 90) (layer F.Fab)
      (effects (font (size 1 1) (thickness 0.15)))
    )
    (fp_line (start 1.8 -1.8) (end -1.8 -1.8) (layer F.CrtYd) (width 0.05))
    (fp_line (start 1.8 4.35) (end 1.8 -1.8) (layer F.CrtYd) (width 0.05))
    (fp_line (start -1.8 4.35) (end 1.8 4.35) (layer F.CrtYd) (width 0.05))
    (fp_line (start -1.8 -1.8) (end -1.8 4.35) (layer F.CrtYd) (width 0.05))
    (fp_line (start -1.33 -1.33) (end 0 -1.33) (layer F.SilkS) (width 0.12))
    (fp_line (start -1.33 0) (end -1.33 -1.33) (layer F.SilkS) (width 0.12))
    (fp_line (start -1.33 1.27) (end 1.33 1.27) (layer F.SilkS) (width 0.12))
    (fp_line (start 1.33 1.27) (end 1.33 3.87) (layer F.SilkS) (width 0.12))
    (fp_line (start -1.33 1.27) (end -1.33 3.87) (layer F.SilkS) (width 0.12))
    (fp_line (start -1.33 3.87) (end 1.33 3.87) (layer F.SilkS) (width 0.12))
    (fp_line (start -1.27 -0.635) (end -0.635 -1.27) (layer F.Fab) (width 0.1))
    (fp_line (start -1.27 3.81) (end -1.27 -0.635) (layer F.Fab) (width 0.1))
    (fp_line (start 1.27 3.81) (end -1.27 3.81) (layer F.Fab) (width 0.1))
    (fp_line (start 1.27 -1.27) (end 1.27 3.81) (layer F.Fab) (width 0.1))
    (fp_line (start -0.635 -1.27) (end 1.27 -1.27) (layer F.Fab) (width 0.1))
    (pad 2 thru_hole oval (at 0 2.54) (size 1.7 1.7) (drill 1) (layers *.Cu *.Mask)
      (net 160 XERR_MCU_CH3))
    (pad 1 thru_hole rect (at 0 0) (size 1.7 1.7) (drill 1) (layers *.Cu *.Mask)
      (net 112 XERR_CH3))
    (model ${KISYS3DMOD}/Pin_Headers.3dshapes/Pin_Header_Straight_1x02_Pitch2.54mm.wrl
      (at (xyz 0 0 0))
      (scale (xyz 1 1 1))
      (rotate (xyz 0 0 0))
    )
  )

  (module Pin_Headers:Pin_Header_Straight_1x01_Pitch2.54mm (layer F.Cu) (tedit 59650532) (tstamp 5B56365D)
    (at 159.893 80.391)
    (descr "Through hole straight pin header, 1x01, 2.54mm pitch, single row")
    (tags "Through hole pin header THT 1x01 2.54mm single row")
    (path /5B5FDEE8)
    (fp_text reference XERR_CH0_BRIDGE0 (at 0 -2.33) (layer F.SilkS)
      (effects (font (size 1 1) (thickness 0.15)))
    )
    (fp_text value Conn_01x01 (at 0 2.33) (layer F.Fab)
      (effects (font (size 1 1) (thickness 0.15)))
    )
    (fp_line (start -0.635 -1.27) (end 1.27 -1.27) (layer F.Fab) (width 0.1))
    (fp_line (start 1.27 -1.27) (end 1.27 1.27) (layer F.Fab) (width 0.1))
    (fp_line (start 1.27 1.27) (end -1.27 1.27) (layer F.Fab) (width 0.1))
    (fp_line (start -1.27 1.27) (end -1.27 -0.635) (layer F.Fab) (width 0.1))
    (fp_line (start -1.27 -0.635) (end -0.635 -1.27) (layer F.Fab) (width 0.1))
    (fp_line (start -1.33 1.33) (end 1.33 1.33) (layer F.SilkS) (width 0.12))
    (fp_line (start -1.33 1.27) (end -1.33 1.33) (layer F.SilkS) (width 0.12))
    (fp_line (start 1.33 1.27) (end 1.33 1.33) (layer F.SilkS) (width 0.12))
    (fp_line (start -1.33 1.27) (end 1.33 1.27) (layer F.SilkS) (width 0.12))
    (fp_line (start -1.33 0) (end -1.33 -1.33) (layer F.SilkS) (width 0.12))
    (fp_line (start -1.33 -1.33) (end 0 -1.33) (layer F.SilkS) (width 0.12))
    (fp_line (start -1.8 -1.8) (end -1.8 1.8) (layer F.CrtYd) (width 0.05))
    (fp_line (start -1.8 1.8) (end 1.8 1.8) (layer F.CrtYd) (width 0.05))
    (fp_line (start 1.8 1.8) (end 1.8 -1.8) (layer F.CrtYd) (width 0.05))
    (fp_line (start 1.8 -1.8) (end -1.8 -1.8) (layer F.CrtYd) (width 0.05))
    (fp_text user %R (at 0 0 90) (layer F.Fab)
      (effects (font (size 1 1) (thickness 0.15)))
    )
    (pad 1 thru_hole rect (at 0 0) (size 1.7 1.7) (drill 1) (layers *.Cu *.Mask)
      (net 54 XERR_CH0))
    (model ${KISYS3DMOD}/Pin_Headers.3dshapes/Pin_Header_Straight_1x01_Pitch2.54mm.wrl
      (at (xyz 0 0 0))
      (scale (xyz 1 1 1))
      (rotate (xyz 0 0 0))
    )
  )

  (module Pin_Headers:Pin_Header_Straight_1x01_Pitch2.54mm (layer F.Cu) (tedit 59650532) (tstamp 5B5635F6)
    (at 133.223 87.503)
    (descr "Through hole straight pin header, 1x01, 2.54mm pitch, single row")
    (tags "Through hole pin header THT 1x01 2.54mm single row")
    (path /5B661210)
    (fp_text reference XERR_CH2_BRIDGE1 (at 0 -2.33) (layer F.SilkS)
      (effects (font (size 1 1) (thickness 0.15)))
    )
    (fp_text value Conn_01x01 (at 0 2.33) (layer F.Fab)
      (effects (font (size 1 1) (thickness 0.15)))
    )
    (fp_text user %R (at 0 0 90) (layer F.Fab)
      (effects (font (size 1 1) (thickness 0.15)))
    )
    (fp_line (start 1.8 -1.8) (end -1.8 -1.8) (layer F.CrtYd) (width 0.05))
    (fp_line (start 1.8 1.8) (end 1.8 -1.8) (layer F.CrtYd) (width 0.05))
    (fp_line (start -1.8 1.8) (end 1.8 1.8) (layer F.CrtYd) (width 0.05))
    (fp_line (start -1.8 -1.8) (end -1.8 1.8) (layer F.CrtYd) (width 0.05))
    (fp_line (start -1.33 -1.33) (end 0 -1.33) (layer F.SilkS) (width 0.12))
    (fp_line (start -1.33 0) (end -1.33 -1.33) (layer F.SilkS) (width 0.12))
    (fp_line (start -1.33 1.27) (end 1.33 1.27) (layer F.SilkS) (width 0.12))
    (fp_line (start 1.33 1.27) (end 1.33 1.33) (layer F.SilkS) (width 0.12))
    (fp_line (start -1.33 1.27) (end -1.33 1.33) (layer F.SilkS) (width 0.12))
    (fp_line (start -1.33 1.33) (end 1.33 1.33) (layer F.SilkS) (width 0.12))
    (fp_line (start -1.27 -0.635) (end -0.635 -1.27) (layer F.Fab) (width 0.1))
    (fp_line (start -1.27 1.27) (end -1.27 -0.635) (layer F.Fab) (width 0.1))
    (fp_line (start 1.27 1.27) (end -1.27 1.27) (layer F.Fab) (width 0.1))
    (fp_line (start 1.27 -1.27) (end 1.27 1.27) (layer F.Fab) (width 0.1))
    (fp_line (start -0.635 -1.27) (end 1.27 -1.27) (layer F.Fab) (width 0.1))
    (pad 1 thru_hole rect (at 0 0) (size 1.7 1.7) (drill 1) (layers *.Cu *.Mask)
      (net 159 XERR_MCU_CH2))
    (model ${KISYS3DMOD}/Pin_Headers.3dshapes/Pin_Header_Straight_1x01_Pitch2.54mm.wrl
      (at (xyz 0 0 0))
      (scale (xyz 1 1 1))
      (rotate (xyz 0 0 0))
    )
  )

  (module Pin_Headers:Pin_Header_Straight_1x01_Pitch2.54mm (layer F.Cu) (tedit 59650532) (tstamp 5B5635E1)
    (at 159.893 87.63)
    (descr "Through hole straight pin header, 1x01, 2.54mm pitch, single row")
    (tags "Through hole pin header THT 1x01 2.54mm single row")
    (path /5B63FF20)
    (fp_text reference XERR_CH0_BRIDGE1 (at 0 -2.33) (layer F.SilkS)
      (effects (font (size 1 1) (thickness 0.15)))
    )
    (fp_text value Conn_01x01 (at 0 2.33) (layer F.Fab)
      (effects (font (size 1 1) (thickness 0.15)))
    )
    (fp_line (start -0.635 -1.27) (end 1.27 -1.27) (layer F.Fab) (width 0.1))
    (fp_line (start 1.27 -1.27) (end 1.27 1.27) (layer F.Fab) (width 0.1))
    (fp_line (start 1.27 1.27) (end -1.27 1.27) (layer F.Fab) (width 0.1))
    (fp_line (start -1.27 1.27) (end -1.27 -0.635) (layer F.Fab) (width 0.1))
    (fp_line (start -1.27 -0.635) (end -0.635 -1.27) (layer F.Fab) (width 0.1))
    (fp_line (start -1.33 1.33) (end 1.33 1.33) (layer F.SilkS) (width 0.12))
    (fp_line (start -1.33 1.27) (end -1.33 1.33) (layer F.SilkS) (width 0.12))
    (fp_line (start 1.33 1.27) (end 1.33 1.33) (layer F.SilkS) (width 0.12))
    (fp_line (start -1.33 1.27) (end 1.33 1.27) (layer F.SilkS) (width 0.12))
    (fp_line (start -1.33 0) (end -1.33 -1.33) (layer F.SilkS) (width 0.12))
    (fp_line (start -1.33 -1.33) (end 0 -1.33) (layer F.SilkS) (width 0.12))
    (fp_line (start -1.8 -1.8) (end -1.8 1.8) (layer F.CrtYd) (width 0.05))
    (fp_line (start -1.8 1.8) (end 1.8 1.8) (layer F.CrtYd) (width 0.05))
    (fp_line (start 1.8 1.8) (end 1.8 -1.8) (layer F.CrtYd) (width 0.05))
    (fp_line (start 1.8 -1.8) (end -1.8 -1.8) (layer F.CrtYd) (width 0.05))
    (fp_text user %R (at 0 0 90) (layer F.Fab)
      (effects (font (size 1 1) (thickness 0.15)))
    )
    (pad 1 thru_hole rect (at 0 0) (size 1.7 1.7) (drill 1) (layers *.Cu *.Mask)
      (net 158 XERR_MCU_CH0))
    (model ${KISYS3DMOD}/Pin_Headers.3dshapes/Pin_Header_Straight_1x01_Pitch2.54mm.wrl
      (at (xyz 0 0 0))
      (scale (xyz 1 1 1))
      (rotate (xyz 0 0 0))
    )
  )

  (module Pin_Headers:Pin_Header_Straight_1x01_Pitch2.54mm (layer F.Cu) (tedit 59650532) (tstamp 5B5635CC)
    (at 146.558 80.264)
    (descr "Through hole straight pin header, 1x01, 2.54mm pitch, single row")
    (tags "Through hole pin header THT 1x01 2.54mm single row")
    (path /5B68197B)
    (fp_text reference XERR_CH1_BRIDGE0 (at 0 -2.33) (layer F.SilkS)
      (effects (font (size 1 1) (thickness 0.15)))
    )
    (fp_text value Conn_01x01 (at 0 2.33) (layer F.Fab)
      (effects (font (size 1 1) (thickness 0.15)))
    )
    (fp_text user %R (at 0 0 90) (layer F.Fab)
      (effects (font (size 1 1) (thickness 0.15)))
    )
    (fp_line (start 1.8 -1.8) (end -1.8 -1.8) (layer F.CrtYd) (width 0.05))
    (fp_line (start 1.8 1.8) (end 1.8 -1.8) (layer F.CrtYd) (width 0.05))
    (fp_line (start -1.8 1.8) (end 1.8 1.8) (layer F.CrtYd) (width 0.05))
    (fp_line (start -1.8 -1.8) (end -1.8 1.8) (layer F.CrtYd) (width 0.05))
    (fp_line (start -1.33 -1.33) (end 0 -1.33) (layer F.SilkS) (width 0.12))
    (fp_line (start -1.33 0) (end -1.33 -1.33) (layer F.SilkS) (width 0.12))
    (fp_line (start -1.33 1.27) (end 1.33 1.27) (layer F.SilkS) (width 0.12))
    (fp_line (start 1.33 1.27) (end 1.33 1.33) (layer F.SilkS) (width 0.12))
    (fp_line (start -1.33 1.27) (end -1.33 1.33) (layer F.SilkS) (width 0.12))
    (fp_line (start -1.33 1.33) (end 1.33 1.33) (layer F.SilkS) (width 0.12))
    (fp_line (start -1.27 -0.635) (end -0.635 -1.27) (layer F.Fab) (width 0.1))
    (fp_line (start -1.27 1.27) (end -1.27 -0.635) (layer F.Fab) (width 0.1))
    (fp_line (start 1.27 1.27) (end -1.27 1.27) (layer F.Fab) (width 0.1))
    (fp_line (start 1.27 -1.27) (end 1.27 1.27) (layer F.Fab) (width 0.1))
    (fp_line (start -0.635 -1.27) (end 1.27 -1.27) (layer F.Fab) (width 0.1))
    (pad 1 thru_hole rect (at 0 0) (size 1.7 1.7) (drill 1) (layers *.Cu *.Mask)
      (net 74 XERR_CH1))
    (model ${KISYS3DMOD}/Pin_Headers.3dshapes/Pin_Header_Straight_1x01_Pitch2.54mm.wrl
      (at (xyz 0 0 0))
      (scale (xyz 1 1 1))
      (rotate (xyz 0 0 0))
    )
  )

  (module Pin_Headers:Pin_Header_Straight_1x01_Pitch2.54mm (layer F.Cu) (tedit 59650532) (tstamp 5B5635B7)
    (at 133.223 80.264)
    (descr "Through hole straight pin header, 1x01, 2.54mm pitch, single row")
    (tags "Through hole pin header THT 1x01 2.54mm single row")
    (path /5B661208)
    (fp_text reference XERR_CH2_BRIDGE0 (at 0 -2.33) (layer F.SilkS)
      (effects (font (size 1 1) (thickness 0.15)))
    )
    (fp_text value Conn_01x01 (at 0 2.33) (layer F.Fab)
      (effects (font (size 1 1) (thickness 0.15)))
    )
    (fp_line (start -0.635 -1.27) (end 1.27 -1.27) (layer F.Fab) (width 0.1))
    (fp_line (start 1.27 -1.27) (end 1.27 1.27) (layer F.Fab) (width 0.1))
    (fp_line (start 1.27 1.27) (end -1.27 1.27) (layer F.Fab) (width 0.1))
    (fp_line (start -1.27 1.27) (end -1.27 -0.635) (layer F.Fab) (width 0.1))
    (fp_line (start -1.27 -0.635) (end -0.635 -1.27) (layer F.Fab) (width 0.1))
    (fp_line (start -1.33 1.33) (end 1.33 1.33) (layer F.SilkS) (width 0.12))
    (fp_line (start -1.33 1.27) (end -1.33 1.33) (layer F.SilkS) (width 0.12))
    (fp_line (start 1.33 1.27) (end 1.33 1.33) (layer F.SilkS) (width 0.12))
    (fp_line (start -1.33 1.27) (end 1.33 1.27) (layer F.SilkS) (width 0.12))
    (fp_line (start -1.33 0) (end -1.33 -1.33) (layer F.SilkS) (width 0.12))
    (fp_line (start -1.33 -1.33) (end 0 -1.33) (layer F.SilkS) (width 0.12))
    (fp_line (start -1.8 -1.8) (end -1.8 1.8) (layer F.CrtYd) (width 0.05))
    (fp_line (start -1.8 1.8) (end 1.8 1.8) (layer F.CrtYd) (width 0.05))
    (fp_line (start 1.8 1.8) (end 1.8 -1.8) (layer F.CrtYd) (width 0.05))
    (fp_line (start 1.8 -1.8) (end -1.8 -1.8) (layer F.CrtYd) (width 0.05))
    (fp_text user %R (at 0 0 90) (layer F.Fab)
      (effects (font (size 1 1) (thickness 0.15)))
    )
    (pad 1 thru_hole rect (at 0 0) (size 1.7 1.7) (drill 1) (layers *.Cu *.Mask)
      (net 93 XERR_CH2))
    (model ${KISYS3DMOD}/Pin_Headers.3dshapes/Pin_Header_Straight_1x01_Pitch2.54mm.wrl
      (at (xyz 0 0 0))
      (scale (xyz 1 1 1))
      (rotate (xyz 0 0 0))
    )
  )

  (module Pin_Headers:Pin_Header_Straight_1x01_Pitch2.54mm (layer F.Cu) (tedit 59650532) (tstamp 5B5635A2)
    (at 146.558 87.503)
    (descr "Through hole straight pin header, 1x01, 2.54mm pitch, single row")
    (tags "Through hole pin header THT 1x01 2.54mm single row")
    (path /5B681983)
    (fp_text reference XERR_CH1_BRIDGE1 (at 0 -2.33) (layer F.SilkS)
      (effects (font (size 1 1) (thickness 0.15)))
    )
    (fp_text value Conn_01x01 (at 0 2.33) (layer F.Fab)
      (effects (font (size 1 1) (thickness 0.15)))
    )
    (fp_text user %R (at 0 0 90) (layer F.Fab)
      (effects (font (size 1 1) (thickness 0.15)))
    )
    (fp_line (start 1.8 -1.8) (end -1.8 -1.8) (layer F.CrtYd) (width 0.05))
    (fp_line (start 1.8 1.8) (end 1.8 -1.8) (layer F.CrtYd) (width 0.05))
    (fp_line (start -1.8 1.8) (end 1.8 1.8) (layer F.CrtYd) (width 0.05))
    (fp_line (start -1.8 -1.8) (end -1.8 1.8) (layer F.CrtYd) (width 0.05))
    (fp_line (start -1.33 -1.33) (end 0 -1.33) (layer F.SilkS) (width 0.12))
    (fp_line (start -1.33 0) (end -1.33 -1.33) (layer F.SilkS) (width 0.12))
    (fp_line (start -1.33 1.27) (end 1.33 1.27) (layer F.SilkS) (width 0.12))
    (fp_line (start 1.33 1.27) (end 1.33 1.33) (layer F.SilkS) (width 0.12))
    (fp_line (start -1.33 1.27) (end -1.33 1.33) (layer F.SilkS) (width 0.12))
    (fp_line (start -1.33 1.33) (end 1.33 1.33) (layer F.SilkS) (width 0.12))
    (fp_line (start -1.27 -0.635) (end -0.635 -1.27) (layer F.Fab) (width 0.1))
    (fp_line (start -1.27 1.27) (end -1.27 -0.635) (layer F.Fab) (width 0.1))
    (fp_line (start 1.27 1.27) (end -1.27 1.27) (layer F.Fab) (width 0.1))
    (fp_line (start 1.27 -1.27) (end 1.27 1.27) (layer F.Fab) (width 0.1))
    (fp_line (start -0.635 -1.27) (end 1.27 -1.27) (layer F.Fab) (width 0.1))
    (pad 1 thru_hole rect (at 0 0) (size 1.7 1.7) (drill 1) (layers *.Cu *.Mask)
      (net 157 XERR_MCU_CH1))
    (model ${KISYS3DMOD}/Pin_Headers.3dshapes/Pin_Header_Straight_1x01_Pitch2.54mm.wrl
      (at (xyz 0 0 0))
      (scale (xyz 1 1 1))
      (rotate (xyz 0 0 0))
    )
  )

  (module Resistors_SMD:R_1206_HandSoldering (layer F.Cu) (tedit 58E0A804) (tstamp 5B563469)
    (at 119.426001 33.442001)
    (descr "Resistor SMD 1206, hand soldering")
    (tags "resistor 1206")
    (path /5B357AC3/5B690848)
    (attr smd)
    (fp_text reference R209 (at 0 -1.85) (layer F.SilkS)
      (effects (font (size 1 1) (thickness 0.15)))
    )
    (fp_text value 1K (at 0 1.9) (layer F.Fab)
      (effects (font (size 1 1) (thickness 0.15)))
    )
    (fp_text user %R (at 0 0) (layer F.Fab)
      (effects (font (size 0.7 0.7) (thickness 0.105)))
    )
    (fp_line (start -1.6 0.8) (end -1.6 -0.8) (layer F.Fab) (width 0.1))
    (fp_line (start 1.6 0.8) (end -1.6 0.8) (layer F.Fab) (width 0.1))
    (fp_line (start 1.6 -0.8) (end 1.6 0.8) (layer F.Fab) (width 0.1))
    (fp_line (start -1.6 -0.8) (end 1.6 -0.8) (layer F.Fab) (width 0.1))
    (fp_line (start 1 1.07) (end -1 1.07) (layer F.SilkS) (width 0.12))
    (fp_line (start -1 -1.07) (end 1 -1.07) (layer F.SilkS) (width 0.12))
    (fp_line (start -3.25 -1.11) (end 3.25 -1.11) (layer F.CrtYd) (width 0.05))
    (fp_line (start -3.25 -1.11) (end -3.25 1.1) (layer F.CrtYd) (width 0.05))
    (fp_line (start 3.25 1.1) (end 3.25 -1.11) (layer F.CrtYd) (width 0.05))
    (fp_line (start 3.25 1.1) (end -3.25 1.1) (layer F.CrtYd) (width 0.05))
    (pad 1 smd rect (at -2 0) (size 2 1.7) (layers F.Cu F.Paste F.Mask)
      (net 122 LAYER_0_ON))
    (pad 2 smd rect (at 2 0) (size 2 1.7) (layers F.Cu F.Paste F.Mask)
      (net 7 GND))
    (model ${KISYS3DMOD}/Resistors_SMD.3dshapes/R_1206.wrl
      (at (xyz 0 0 0))
      (scale (xyz 1 1 1))
      (rotate (xyz 0 0 0))
    )
  )

  (module Resistors_SMD:R_1206_HandSoldering (layer F.Cu) (tedit 58E0A804) (tstamp 5B563458)
    (at 119.426001 31.182001)
    (descr "Resistor SMD 1206, hand soldering")
    (tags "resistor 1206")
    (path /5B357AC3/5B6AD354)
    (attr smd)
    (fp_text reference R216 (at 0 -1.85) (layer F.SilkS)
      (effects (font (size 1 1) (thickness 0.15)))
    )
    (fp_text value 1K (at 0 1.9) (layer F.Fab)
      (effects (font (size 1 1) (thickness 0.15)))
    )
    (fp_line (start 3.25 1.1) (end -3.25 1.1) (layer F.CrtYd) (width 0.05))
    (fp_line (start 3.25 1.1) (end 3.25 -1.11) (layer F.CrtYd) (width 0.05))
    (fp_line (start -3.25 -1.11) (end -3.25 1.1) (layer F.CrtYd) (width 0.05))
    (fp_line (start -3.25 -1.11) (end 3.25 -1.11) (layer F.CrtYd) (width 0.05))
    (fp_line (start -1 -1.07) (end 1 -1.07) (layer F.SilkS) (width 0.12))
    (fp_line (start 1 1.07) (end -1 1.07) (layer F.SilkS) (width 0.12))
    (fp_line (start -1.6 -0.8) (end 1.6 -0.8) (layer F.Fab) (width 0.1))
    (fp_line (start 1.6 -0.8) (end 1.6 0.8) (layer F.Fab) (width 0.1))
    (fp_line (start 1.6 0.8) (end -1.6 0.8) (layer F.Fab) (width 0.1))
    (fp_line (start -1.6 0.8) (end -1.6 -0.8) (layer F.Fab) (width 0.1))
    (fp_text user %R (at 0 0) (layer F.Fab)
      (effects (font (size 0.7 0.7) (thickness 0.105)))
    )
    (pad 2 smd rect (at 2 0) (size 2 1.7) (layers F.Cu F.Paste F.Mask)
      (net 7 GND))
    (pad 1 smd rect (at -2 0) (size 2 1.7) (layers F.Cu F.Paste F.Mask)
      (net 128 LAYER_7_ON))
    (model ${KISYS3DMOD}/Resistors_SMD.3dshapes/R_1206.wrl
      (at (xyz 0 0 0))
      (scale (xyz 1 1 1))
      (rotate (xyz 0 0 0))
    )
  )

  (module Resistors_SMD:R_1206_HandSoldering (layer F.Cu) (tedit 58E0A804) (tstamp 5B563447)
    (at 112.876001 33.442001)
    (descr "Resistor SMD 1206, hand soldering")
    (tags "resistor 1206")
    (path /5B357AC3/5B6B674A)
    (attr smd)
    (fp_text reference R215 (at 0 -1.85) (layer F.SilkS)
      (effects (font (size 1 1) (thickness 0.15)))
    )
    (fp_text value 1K (at 0 1.9) (layer F.Fab)
      (effects (font (size 1 1) (thickness 0.15)))
    )
    (fp_text user %R (at 0 0) (layer F.Fab)
      (effects (font (size 0.7 0.7) (thickness 0.105)))
    )
    (fp_line (start -1.6 0.8) (end -1.6 -0.8) (layer F.Fab) (width 0.1))
    (fp_line (start 1.6 0.8) (end -1.6 0.8) (layer F.Fab) (width 0.1))
    (fp_line (start 1.6 -0.8) (end 1.6 0.8) (layer F.Fab) (width 0.1))
    (fp_line (start -1.6 -0.8) (end 1.6 -0.8) (layer F.Fab) (width 0.1))
    (fp_line (start 1 1.07) (end -1 1.07) (layer F.SilkS) (width 0.12))
    (fp_line (start -1 -1.07) (end 1 -1.07) (layer F.SilkS) (width 0.12))
    (fp_line (start -3.25 -1.11) (end 3.25 -1.11) (layer F.CrtYd) (width 0.05))
    (fp_line (start -3.25 -1.11) (end -3.25 1.1) (layer F.CrtYd) (width 0.05))
    (fp_line (start 3.25 1.1) (end 3.25 -1.11) (layer F.CrtYd) (width 0.05))
    (fp_line (start 3.25 1.1) (end -3.25 1.1) (layer F.CrtYd) (width 0.05))
    (pad 1 smd rect (at -2 0) (size 2 1.7) (layers F.Cu F.Paste F.Mask)
      (net 125 LAYER_6_ON))
    (pad 2 smd rect (at 2 0) (size 2 1.7) (layers F.Cu F.Paste F.Mask)
      (net 7 GND))
    (model ${KISYS3DMOD}/Resistors_SMD.3dshapes/R_1206.wrl
      (at (xyz 0 0 0))
      (scale (xyz 1 1 1))
      (rotate (xyz 0 0 0))
    )
  )

  (module Resistors_SMD:R_1206_HandSoldering (layer F.Cu) (tedit 58E0A804) (tstamp 5B563436)
    (at 119.426001 28.922001)
    (descr "Resistor SMD 1206, hand soldering")
    (tags "resistor 1206")
    (path /5B357AC3/5B6C05CD)
    (attr smd)
    (fp_text reference R214 (at 0 -1.85) (layer F.SilkS)
      (effects (font (size 1 1) (thickness 0.15)))
    )
    (fp_text value 1K (at 0 1.9) (layer F.Fab)
      (effects (font (size 1 1) (thickness 0.15)))
    )
    (fp_line (start 3.25 1.1) (end -3.25 1.1) (layer F.CrtYd) (width 0.05))
    (fp_line (start 3.25 1.1) (end 3.25 -1.11) (layer F.CrtYd) (width 0.05))
    (fp_line (start -3.25 -1.11) (end -3.25 1.1) (layer F.CrtYd) (width 0.05))
    (fp_line (start -3.25 -1.11) (end 3.25 -1.11) (layer F.CrtYd) (width 0.05))
    (fp_line (start -1 -1.07) (end 1 -1.07) (layer F.SilkS) (width 0.12))
    (fp_line (start 1 1.07) (end -1 1.07) (layer F.SilkS) (width 0.12))
    (fp_line (start -1.6 -0.8) (end 1.6 -0.8) (layer F.Fab) (width 0.1))
    (fp_line (start 1.6 -0.8) (end 1.6 0.8) (layer F.Fab) (width 0.1))
    (fp_line (start 1.6 0.8) (end -1.6 0.8) (layer F.Fab) (width 0.1))
    (fp_line (start -1.6 0.8) (end -1.6 -0.8) (layer F.Fab) (width 0.1))
    (fp_text user %R (at 0 0) (layer F.Fab)
      (effects (font (size 0.7 0.7) (thickness 0.105)))
    )
    (pad 2 smd rect (at 2 0) (size 2 1.7) (layers F.Cu F.Paste F.Mask)
      (net 7 GND))
    (pad 1 smd rect (at -2 0) (size 2 1.7) (layers F.Cu F.Paste F.Mask)
      (net 124 LAYER_5_ON))
    (model ${KISYS3DMOD}/Resistors_SMD.3dshapes/R_1206.wrl
      (at (xyz 0 0 0))
      (scale (xyz 1 1 1))
      (rotate (xyz 0 0 0))
    )
  )

  (module Resistors_SMD:R_1206_HandSoldering (layer F.Cu) (tedit 58E0A804) (tstamp 5B563425)
    (at 112.876001 31.182001)
    (descr "Resistor SMD 1206, hand soldering")
    (tags "resistor 1206")
    (path /5B357AC3/5B6CAF9F)
    (attr smd)
    (fp_text reference R213 (at 0 -1.85) (layer F.SilkS)
      (effects (font (size 1 1) (thickness 0.15)))
    )
    (fp_text value 1K (at 0 1.9) (layer F.Fab)
      (effects (font (size 1 1) (thickness 0.15)))
    )
    (fp_text user %R (at 0 0) (layer F.Fab)
      (effects (font (size 0.7 0.7) (thickness 0.105)))
    )
    (fp_line (start -1.6 0.8) (end -1.6 -0.8) (layer F.Fab) (width 0.1))
    (fp_line (start 1.6 0.8) (end -1.6 0.8) (layer F.Fab) (width 0.1))
    (fp_line (start 1.6 -0.8) (end 1.6 0.8) (layer F.Fab) (width 0.1))
    (fp_line (start -1.6 -0.8) (end 1.6 -0.8) (layer F.Fab) (width 0.1))
    (fp_line (start 1 1.07) (end -1 1.07) (layer F.SilkS) (width 0.12))
    (fp_line (start -1 -1.07) (end 1 -1.07) (layer F.SilkS) (width 0.12))
    (fp_line (start -3.25 -1.11) (end 3.25 -1.11) (layer F.CrtYd) (width 0.05))
    (fp_line (start -3.25 -1.11) (end -3.25 1.1) (layer F.CrtYd) (width 0.05))
    (fp_line (start 3.25 1.1) (end 3.25 -1.11) (layer F.CrtYd) (width 0.05))
    (fp_line (start 3.25 1.1) (end -3.25 1.1) (layer F.CrtYd) (width 0.05))
    (pad 1 smd rect (at -2 0) (size 2 1.7) (layers F.Cu F.Paste F.Mask)
      (net 119 LAYER_4_ON))
    (pad 2 smd rect (at 2 0) (size 2 1.7) (layers F.Cu F.Paste F.Mask)
      (net 7 GND))
    (model ${KISYS3DMOD}/Resistors_SMD.3dshapes/R_1206.wrl
      (at (xyz 0 0 0))
      (scale (xyz 1 1 1))
      (rotate (xyz 0 0 0))
    )
  )

  (module Resistors_SMD:R_1206_HandSoldering (layer F.Cu) (tedit 58E0A804) (tstamp 5B563414)
    (at 119.426001 26.662001)
    (descr "Resistor SMD 1206, hand soldering")
    (tags "resistor 1206")
    (path /5B357AC3/5B6A47E9)
    (attr smd)
    (fp_text reference R212 (at 0 -1.85) (layer F.SilkS)
      (effects (font (size 1 1) (thickness 0.15)))
    )
    (fp_text value 1K (at 0 1.9) (layer F.Fab)
      (effects (font (size 1 1) (thickness 0.15)))
    )
    (fp_line (start 3.25 1.1) (end -3.25 1.1) (layer F.CrtYd) (width 0.05))
    (fp_line (start 3.25 1.1) (end 3.25 -1.11) (layer F.CrtYd) (width 0.05))
    (fp_line (start -3.25 -1.11) (end -3.25 1.1) (layer F.CrtYd) (width 0.05))
    (fp_line (start -3.25 -1.11) (end 3.25 -1.11) (layer F.CrtYd) (width 0.05))
    (fp_line (start -1 -1.07) (end 1 -1.07) (layer F.SilkS) (width 0.12))
    (fp_line (start 1 1.07) (end -1 1.07) (layer F.SilkS) (width 0.12))
    (fp_line (start -1.6 -0.8) (end 1.6 -0.8) (layer F.Fab) (width 0.1))
    (fp_line (start 1.6 -0.8) (end 1.6 0.8) (layer F.Fab) (width 0.1))
    (fp_line (start 1.6 0.8) (end -1.6 0.8) (layer F.Fab) (width 0.1))
    (fp_line (start -1.6 0.8) (end -1.6 -0.8) (layer F.Fab) (width 0.1))
    (fp_text user %R (at 0 0) (layer F.Fab)
      (effects (font (size 0.7 0.7) (thickness 0.105)))
    )
    (pad 2 smd rect (at 2 0) (size 2 1.7) (layers F.Cu F.Paste F.Mask)
      (net 7 GND))
    (pad 1 smd rect (at -2 0) (size 2 1.7) (layers F.Cu F.Paste F.Mask)
      (net 118 LAYER_3_ON))
    (model ${KISYS3DMOD}/Resistors_SMD.3dshapes/R_1206.wrl
      (at (xyz 0 0 0))
      (scale (xyz 1 1 1))
      (rotate (xyz 0 0 0))
    )
  )

  (module Resistors_SMD:R_1206_HandSoldering (layer F.Cu) (tedit 58E0A804) (tstamp 5B563403)
    (at 112.876001 28.922001)
    (descr "Resistor SMD 1206, hand soldering")
    (tags "resistor 1206")
    (path /5B357AC3/5B69C628)
    (attr smd)
    (fp_text reference R211 (at 0 -1.85) (layer F.SilkS)
      (effects (font (size 1 1) (thickness 0.15)))
    )
    (fp_text value 1K (at 0 1.9) (layer F.Fab)
      (effects (font (size 1 1) (thickness 0.15)))
    )
    (fp_text user %R (at 0 0) (layer F.Fab)
      (effects (font (size 0.7 0.7) (thickness 0.105)))
    )
    (fp_line (start -1.6 0.8) (end -1.6 -0.8) (layer F.Fab) (width 0.1))
    (fp_line (start 1.6 0.8) (end -1.6 0.8) (layer F.Fab) (width 0.1))
    (fp_line (start 1.6 -0.8) (end 1.6 0.8) (layer F.Fab) (width 0.1))
    (fp_line (start -1.6 -0.8) (end 1.6 -0.8) (layer F.Fab) (width 0.1))
    (fp_line (start 1 1.07) (end -1 1.07) (layer F.SilkS) (width 0.12))
    (fp_line (start -1 -1.07) (end 1 -1.07) (layer F.SilkS) (width 0.12))
    (fp_line (start -3.25 -1.11) (end 3.25 -1.11) (layer F.CrtYd) (width 0.05))
    (fp_line (start -3.25 -1.11) (end -3.25 1.1) (layer F.CrtYd) (width 0.05))
    (fp_line (start 3.25 1.1) (end 3.25 -1.11) (layer F.CrtYd) (width 0.05))
    (fp_line (start 3.25 1.1) (end -3.25 1.1) (layer F.CrtYd) (width 0.05))
    (pad 1 smd rect (at -2 0) (size 2 1.7) (layers F.Cu F.Paste F.Mask)
      (net 114 LAYER_2_ON))
    (pad 2 smd rect (at 2 0) (size 2 1.7) (layers F.Cu F.Paste F.Mask)
      (net 7 GND))
    (model ${KISYS3DMOD}/Resistors_SMD.3dshapes/R_1206.wrl
      (at (xyz 0 0 0))
      (scale (xyz 1 1 1))
      (rotate (xyz 0 0 0))
    )
  )

  (module Resistors_SMD:R_1206_HandSoldering (layer F.Cu) (tedit 58E0A804) (tstamp 5B5632D2)
    (at 112.876001 26.662001)
    (descr "Resistor SMD 1206, hand soldering")
    (tags "resistor 1206")
    (path /5B357AC3/5B692DA0)
    (attr smd)
    (fp_text reference R210 (at 0 -1.85) (layer F.SilkS)
      (effects (font (size 1 1) (thickness 0.15)))
    )
    (fp_text value 1K (at 0 1.9) (layer F.Fab)
      (effects (font (size 1 1) (thickness 0.15)))
    )
    (fp_line (start 3.25 1.1) (end -3.25 1.1) (layer F.CrtYd) (width 0.05))
    (fp_line (start 3.25 1.1) (end 3.25 -1.11) (layer F.CrtYd) (width 0.05))
    (fp_line (start -3.25 -1.11) (end -3.25 1.1) (layer F.CrtYd) (width 0.05))
    (fp_line (start -3.25 -1.11) (end 3.25 -1.11) (layer F.CrtYd) (width 0.05))
    (fp_line (start -1 -1.07) (end 1 -1.07) (layer F.SilkS) (width 0.12))
    (fp_line (start 1 1.07) (end -1 1.07) (layer F.SilkS) (width 0.12))
    (fp_line (start -1.6 -0.8) (end 1.6 -0.8) (layer F.Fab) (width 0.1))
    (fp_line (start 1.6 -0.8) (end 1.6 0.8) (layer F.Fab) (width 0.1))
    (fp_line (start 1.6 0.8) (end -1.6 0.8) (layer F.Fab) (width 0.1))
    (fp_line (start -1.6 0.8) (end -1.6 -0.8) (layer F.Fab) (width 0.1))
    (fp_text user %R (at 0 0) (layer F.Fab)
      (effects (font (size 0.7 0.7) (thickness 0.105)))
    )
    (pad 2 smd rect (at 2 0) (size 2 1.7) (layers F.Cu F.Paste F.Mask)
      (net 7 GND))
    (pad 1 smd rect (at -2 0) (size 2 1.7) (layers F.Cu F.Paste F.Mask)
      (net 123 LAYER_1_ON))
    (model ${KISYS3DMOD}/Resistors_SMD.3dshapes/R_1206.wrl
      (at (xyz 0 0 0))
      (scale (xyz 1 1 1))
      (rotate (xyz 0 0 0))
    )
  )

  (module Housings_SSOP:TSSOP-28-1EP_4.4x9.7mm_Pitch0.65mm placed (layer F.Cu) (tedit 54130A77) (tstamp 5B3C4899)
    (at 139.928277 80.636081 180)
    (descr "TSSOP28: plastic thin shrink small outline package; 28 leads; body width 4.4 mm; Exposed Pad Variation; (see NXP SSOP-TSSOP-VSO-REFLOW.pdf and sot361-1_po.pdf)")
    (tags "SSOP 0.65")
    (path /5B24C332)
    (attr smd)
    (fp_text reference LED_CH2_CTRL0 (at 0 -5.9 180) (layer F.SilkS)
      (effects (font (size 1 1) (thickness 0.15)))
    )
    (fp_text value TLC5940PWPR (at 0 5.9 180) (layer F.Fab)
      (effects (font (size 1 1) (thickness 0.15)))
    )
    (fp_line (start -1.2 -4.85) (end 2.2 -4.85) (layer F.Fab) (width 0.15))
    (fp_line (start 2.2 -4.85) (end 2.2 4.85) (layer F.Fab) (width 0.15))
    (fp_line (start 2.2 4.85) (end -2.2 4.85) (layer F.Fab) (width 0.15))
    (fp_line (start -2.2 4.85) (end -2.2 -3.85) (layer F.Fab) (width 0.15))
    (fp_line (start -2.2 -3.85) (end -1.2 -4.85) (layer F.Fab) (width 0.15))
    (fp_line (start -3.65 -5.15) (end -3.65 5.15) (layer F.CrtYd) (width 0.05))
    (fp_line (start 3.65 -5.15) (end 3.65 5.15) (layer F.CrtYd) (width 0.05))
    (fp_line (start -3.65 -5.15) (end 3.65 -5.15) (layer F.CrtYd) (width 0.05))
    (fp_line (start -3.65 5.15) (end 3.65 5.15) (layer F.CrtYd) (width 0.05))
